-14,-10,0,   -14,-3,0
-10,-10,0,   -10, -3,0
-14,-7, 0,   -10, -7,0

-8, -10,0,   -8, -3,0
-8, -10,0,   -4,-10,0
-8, -7 ,0,   -4,-7 ,0
-8, -3 ,0,   -4,-3 ,0

-2, -10,0,   -2, -3,0
-2, -3, 0,    2, -3,0

 4, -10,0,    4, -3,0
 4, -3, 0,    8, -3,0

 10,-10,0,    14,-10,0
 10,-3, 0,    14,-3, 0
 10,-10,0,    10,-3, 0
 14,-10,0,    14,-3, 0

-16, 3, 0,   -14,10, 0
-14, 10,0,   -12, 8, 0
-12, 8, 0,   -10, 10,0
-10, 10,0,   -8, 3, 0

 -7,10,0,    -2,10,0
 -7,3, 0,    -2,3, 0
 -7,10,0,    -7,3, 0
 -2,10,0,    -2,3, 0

 0, 3, 0,    0, 10,0
 0, 3, 0,    4, 3, 0
 4, 3, 0,    4, 7, 0
 4, 7, 0,    0, 7, 0
 0, 7, 0,    4, 10,0

6, 3,0,      6, 10,0
6, 10,0,     10,10,0

12, 3, 0,    12, 10,0
12, 3, 0,    16, 5, 0
16, 5, 0,    16, 8, 0
16, 8, 0,    12, 10,0